0 0.2892 0.0838 0.1938
1 0.6803 0.0805 0.2271
2 0.2929 0.0829 0.1933
3 0.3547 0.083 0.1934
4 0.561 0.0896 0.2357
5 0.36 0.0906 0.2083
6 0.4386 0.0978 0.2063
7 0.3644 0.0982 0.2062
8 0.4393 0.0978 0.213
9 0.5689 0.1083 0.2411
10 0.4576 0.1064 0.2206
11 0.4989 0.1062 0.2175
12 0.4415 0.1093 0.2209
13 0.3776 0.1086 0.2135
14 0.4197 0.1136 0.2332
15 0.3478 0.1116 0.2253
16 0.3886 0.1107 0.2199
17 0.4023 0.1117 0.224
18 0.4633 0.1153 0.2238
19 0.4343 0.118 0.2212
20 0.4761 0.1173 0.2243
21 0.4108 0.1159 0.2283
22 0.3732 0.1126 0.2266
23 0.3987 0.1149 0.2248
24 0.4253 0.1206 0.232
25 0.454 0.1228 0.2293
26 0.4183 0.1213 0.2357
27 0.4553 0.1181 0.2394
28 0.4578 0.1205 0.2302
29 0.4927 0.1202 0.2257
30 0.4896 0.1257 0.2311
31 0.4742 0.126 0.2335
32 0.4593 0.1255 0.2445
33 0.4355 0.1263 0.2404
34 0.4504 0.1278 0.2463
35 0.4746 0.1315 0.2398
36 0.4901 0.1252 0.2335
37 0.4416 0.1246 0.2438
38 0.4148 0.1276 0.2461
39 0.4764 0.1305 0.2398
40 0.4286 0.129 0.2527
41 0.4313 0.1319 0.2585
42 0.4602 0.1267 0.2465
43 0.416 0.1274 0.2558
44 0.4132 0.1378 0.2577
45 0.4215 0.1341 0.2515
46 0.4151 0.1339 0.2472
47 0.4386 0.1271 0.2486
48 0.4188 0.1344 0.2481
49 0.4592 0.1372 0.249
50 0.5333 0.1419 0.289
51 0.4833 0.1384 0.2673
52 0.5558 0.1384 0.2931
53 0.486 0.1304 0.2536
54 0.4928 0.1366 0.2402
55 0.4814 0.1294 0.2472
56 0.4886 0.134 0.2493
57 0.487 0.1295 0.2534
58 0.5032 0.1341 0.2496
59 0.5428 0.1464 0.2724
60 0.4931 0.1343 0.2425
61 0.5117 0.1333 0.2591
62 0.4567 0.1341 0.2641
63 0.4761 0.1324 0.247
64 0.4543 0.1426 0.2516
65 0.4553 0.1376 0.2583
66 0.4852 0.139 0.2529
67 0.4946 0.1415 0.2559
68 0.5116 0.1298 0.2531
69 0.5086 0.1369 0.2587
70 0.4956 0.1362 0.2577
71 0.508 0.142 0.2529
72 0.5044 0.1435 0.2531
73 0.5016 0.1352 0.2556
74 0.4828 0.1408 0.2521
75 0.4989 0.1369 0.2543
76 0.4967 0.1461 0.2585
77 0.503 0.1349 0.2576
78 0.466 0.1407 0.2666
79 0.4747 0.1421 0.2676
80 0.5071 0.14 0.2623
81 0.4957 0.1438 0.2601
82 0.4678 0.1474 0.2683
83 0.4754 0.1467 0.2638
84 0.4695 0.1361 0.2669
85 0.4681 0.1453 0.2732
86 0.5141 0.1593 0.2835
87 0.4838 0.1515 0.2691
88 0.4574 0.1414 0.2756
89 0.4681 0.1447 0.2682
90 0.4635 0.1435 0.2635
91 0.4702 0.1464 0.2659
92 0.4379 0.1393 0.2764
93 0.4597 0.1484 0.2616
94 0.4583 0.1477 0.2685
95 0.4424 0.1476 0.2727
96 0.4465 0.1466 0.2583
97 0.4295 0.1516 0.2737
98 0.4773 0.1579 0.296
99 0.4415 0.1565 0.269
100 0.5715 0.1553 0.3248
101 0.4447 0.1506 0.2708
102 0.4659 0.1489 0.2741
103 0.4583 0.1409 0.2769
104 0.458 0.1478 0.2733
105 0.4857 0.1436 0.2688
106 0.4673 0.15 0.2793
107 0.4704 0.1421 0.2802
108 0.4762 0.1508 0.2669
109 0.4546 0.1499 0.2746
110 0.4665 0.1405 0.28
111 0.4468 0.1516 0.2807
112 0.4454 0.1483 0.2846
113 0.4587 0.1565 0.2773
114 0.4488 0.1553 0.2653
115 0.4704 0.1454 0.2899
116 0.4644 0.1529 0.2811
117 0.4554 0.1496 0.2842
118 0.443 0.1544 0.2775
119 0.4538 0.1523 0.2731
120 0.4621 0.1512 0.2891
121 0.4536 0.1565 0.2891
122 0.4373 0.1411 0.2848
123 0.4136 0.1533 0.2927
124 0.4441 0.149 0.2864
125 0.451 0.1478 0.2843
126 0.4516 0.156 0.2824
127 0.4525 0.1491 0.2833
128 0.4545 0.1482 0.2817
129 0.4634 0.1644 0.2771
130 0.476 0.145 0.2867
131 0.4676 0.1576 0.2755
132 0.4818 0.1636 0.2846
133 0.4824 0.1514 0.2738
134 0.4769 0.1534 0.2746
135 0.4671 0.1565 0.2752
136 0.4954 0.1574 0.2692
137 0.4922 0.1469 0.2683
138 0.4937 0.1489 0.2873
139 0.4655 0.153 0.2728
140 0.4788 0.1534 0.274
141 0.4734 0.1466 0.2841
142 0.4702 0.1526 0.2724
143 0.4766 0.1512 0.2897
144 0.4776 0.1488 0.2876
145 0.4892 0.1506 0.285
146 0.5907 0.152 0.3255
147 0.5046 0.1505 0.2853
148 0.5185 0.1633 0.2726
149 0.4781 0.1548 0.2879
150 0.4939 0.1488 0.2736
151 0.5288 0.1686 0.3004
152 0.4893 0.1529 0.2785
153 0.4939 0.1568 0.288
154 0.4988 0.1521 0.2821
155 0.4845 0.1498 0.2779
156 0.4807 0.1536 0.2903
157 0.4922 0.1442 0.2936
158 0.4759 0.1635 0.2858
159 0.475 0.1574 0.2924
160 0.4681 0.1646 0.2901
161 0.4687 0.1601 0.2877
162 0.4557 0.1667 0.2916
163 0.4601 0.1624 0.3013
164 0.4501 0.1571 0.2961
165 0.4466 0.1713 0.3009
166 0.4595 0.1591 0.2865
167 0.4294 0.1514 0.3
168 0.4509 0.1681 0.2867
169 0.4639 0.1665 0.3131
170 0.4442 0.1641 0.297
171 0.4717 0.1575 0.291
172 0.4553 0.1577 0.2986
173 0.4702 0.1681 0.3103
174 0.4423 0.1753 0.2837
175 0.4431 0.1596 0.2944
176 0.4439 0.1617 0.2905
177 0.4459 0.1526 0.3022
178 0.4637 0.1586 0.2841
179 0.4599 0.1474 0.2944
180 0.4436 0.1645 0.2976
181 0.4431 0.1746 0.2872
182 0.4353 0.1588 0.2943
183 0.4306 0.167 0.297
184 0.4307 0.1664 0.2899
185 0.4254 0.1757 0.292
186 0.4368 0.1682 0.2896
187 0.4437 0.157 0.2967
188 0.4463 0.1707 0.2912
189 0.4494 0.1597 0.2889
190 0.4381 0.1612 0.2959
191 0.434 0.1609 0.3077
192 0.5111 0.1749 0.3274
193 0.5619 0.182 0.3506
194 0.4762 0.1619 0.3005
195 0.4649 0.1637 0.2885
196 0.4572 0.1691 0.3048
197 0.4748 0.1645 0.2873
198 0.4854 0.1771 0.2924
199 0.4783 0.1643 0.3077
200 0.4851 0.1566 0.311
201 0.4722 0.1718 0.2849
202 0.4933 0.1572 0.2976
203 0.4879 0.1598 0.2816
204 0.4715 0.1608 0.3106
205 0.4741 0.1633 0.3005
206 0.4579 0.185 0.2968
207 0.4614 0.1684 0.2953
208 0.4531 0.1665 0.2965
209 0.4466 0.1706 0.2944
210 0.4579 0.1795 0.2941
211 0.4488 0.1652 0.3018
212 0.4598 0.165 0.303
213 0.4715 0.1641 0.299
214 0.44 0.1632 0.3276
215 0.4663 0.1628 0.2987
216 0.4758 0.1568 0.2995
217 0.4525 0.1679 0.3053
218 0.4599 0.1733 0.2949
219 0.4592 0.1568 0.3158
220 0.4833 0.1703 0.2913
221 0.4818 0.1616 0.2993
222 0.4727 0.1692 0.3024
223 0.4908 0.1698 0.2826
224 0.4795 0.1686 0.2915
225 0.466 0.1691 0.3062
226 0.4993 0.1703 0.317
227 0.4897 0.17 0.2955
228 0.4609 0.1632 0.3124
229 0.4617 0.1731 0.2982
230 0.4535 0.1699 0.2988
231 0.4694 0.1783 0.3057
232 0.4685 0.1691 0.3123
233 0.4742 0.1705 0.3199
234 0.477 0.1792 0.3064
235 0.4781 0.1723 0.32
236 0.4817 0.1752 0.3115
237 0.4977 0.1783 0.3243
238 0.5923 0.1861 0.3605
239 0.4787 0.1858 0.3013
240 0.54 0.1913 0.3361
241 0.4732 0.1747 0.3133
242 0.4708 0.1766 0.3098
243 0.4755 0.1775 0.3149
244 0.4844 0.1794 0.3014
245 0.4837 0.1788 0.2976
246 0.4763 0.1761 0.3182
247 0.4781 0.1714 0.3
248 0.4673 0.1716 0.3073
249 0.4799 0.1636 0.3207
250 0.4885 0.1582 0.3172
251 0.4893 0.1645 0.3058
252 0.4798 0.1851 0.2928
253 0.4801 0.1791 0.3019
254 0.536 0.1756 0.3227
255 0.4922 0.1763 0.2995
256 0.4716 0.1871 0.3126
257 0.4858 0.1705 0.324
258 0.4763 0.1858 0.311
259 0.4846 0.1862 0.3093
260 0.496 0.1777 0.3152
261 0.4936 0.1732 0.3193
262 0.4938 0.1688 0.3126
263 0.4915 0.1811 0.3076
264 0.4894 0.1721 0.3144
265 0.4892 0.1675 0.3057
266 0.4861 0.1831 0.3085
267 0.4883 0.1681 0.3015
268 0.4846 0.1572 0.3084
269 0.4856 0.167 0.3172
270 0.5013 0.1652 0.2977
271 0.4907 0.1713 0.3005
272 0.4883 0.165 0.3124
273 0.4868 0.1767 0.3002
274 0.4957 0.1706 0.3055
275 0.5045 0.166 0.3085
276 0.4962 0.1675 0.3116
277 0.4946 0.1755 0.302
278 0.4814 0.1769 0.3031
279 0.483 0.1795 0.3181
280 0.491 0.1799 0.3107
281 0.6542 0.1988 0.3754
282 0.4929 0.1695 0.3104
283 0.4836 0.1731 0.2964
284 0.4901 0.1609 0.3081
285 0.4749 0.1701 0.3061
286 0.4928 0.1701 0.2982
287 0.4869 0.181 0.2976
288 0.4858 0.17 0.3007
289 0.4904 0.1813 0.3078
290 0.4925 0.1758 0.3124
291 0.493 0.1761 0.3147
292 0.4752 0.1754 0.3207
293 0.4797 0.1863 0.3015
294 0.481 0.1695 0.325
295 0.4867 0.1703 0.3162
296 0.4957 0.1822 0.3039
297 0.4928 0.1748 0.314
298 0.4759 0.1786 0.3211
299 0.4965 0.1756 0.3163
300 0.4966 0.1878 0.3061
301 0.4969 0.1872 0.3133
302 0.5066 0.1802 0.312
303 0.4901 0.1773 0.3192
304 0.5068 0.184 0.3168
305 0.4944 0.1842 0.3103
306 0.4917 0.184 0.3262
307 0.4937 0.1833 0.323
308 0.5145 0.1725 0.3266
309 0.502 0.1855 0.3034
310 0.4967 0.1858 0.3178
311 0.5214 0.1721 0.3147
312 0.502 0.1768 0.3062
313 0.4991 0.1865 0.3081
314 0.4955 0.1699 0.3245
315 0.4877 0.1854 0.3134
316 0.5152 0.1865 0.3694
317 0.481 0.1821 0.3216
318 0.4888 0.18 0.3252
319 0.4856 0.1813 0.3181
320 0.4968 0.1921 0.3047
321 0.491 0.1782 0.3196
322 0.4886 0.1832 0.3284
323 0.6197 0.1886 0.3773
324 0.5103 0.1846 0.3283
325 0.5565 0.1935 0.3458
326 0.5051 0.174 0.32
327 0.4855 0.1859 0.3145
328 0.4786 0.1882 0.3184
329 0.4942 0.1784 0.3207
330 0.5044 0.1808 0.3132
331 0.4969 0.1841 0.3108
332 0.5024 0.1759 0.3279
333 0.4856 0.1839 0.325
334 0.4853 0.1911 0.3299
335 0.4911 0.1804 0.3231
336 0.5011 0.1877 0.3125
337 0.4942 0.1773 0.3337
338 0.5033 0.186 0.3223
339 0.4948 0.1838 0.3186
340 0.5182 0.1966 0.325
341 0.4857 0.194 0.3227
342 0.4861 0.1884 0.3192
343 0.481 0.1887 0.3234
344 0.5443 0.1907 0.3565
345 0.4842 0.1796 0.3287
346 0.4934 0.1822 0.3225
347 0.4935 0.1848 0.3362
348 0.5004 0.1821 0.3234
349 0.483 0.1815 0.3314
350 0.4968 0.1864 0.325
351 0.4879 0.1818 0.3317
352 0.4914 0.1941 0.3379
353 0.5016 0.1876 0.3434
354 0.499 0.1972 0.331
355 0.502 0.1958 0.3447
356 0.5024 0.2006 0.329
357 0.5012 0.1963 0.3377
358 0.504 0.1919 0.3366
359 0.5055 0.1911 0.3337
360 0.4984 0.195 0.3309
361 0.5126 0.197 0.3284
362 0.5088 0.189 0.3416
363 0.5165 0.1927 0.3315
364 0.5206 0.1964 0.3378
365 0.628 0.2008 0.3774
366 0.5272 0.193 0.3462
367 0.5377 0.1962 0.3377
368 0.5129 0.1938 0.3335
369 0.5102 0.1959 0.3337
370 0.5127 0.1976 0.3339
371 0.5078 0.193 0.3508
372 0.4966 0.198 0.3247
373 0.5035 0.1972 0.3254
374 0.4967 0.1883 0.3386
375 0.5 0.1895 0.336
376 0.4901 0.1911 0.3327
377 0.487 0.1925 0.3329
378 0.4941 0.1937 0.3403
379 0.4901 0.194 0.3348
380 0.4936 0.1983 0.3243
381 0.4907 0.1933 0.3328
382 0.4904 0.1978 0.3366
383 0.4833 0.1988 0.3405
384 0.4899 0.199 0.337
385 0.4856 0.1947 0.3323
386 0.4876 0.1905 0.333
387 0.4875 0.1925 0.3401
388 0.4864 0.1913 0.3375
389 0.4781 0.1949 0.3345
390 0.4992 0.1891 0.3298
391 0.4946 0.1934 0.33
392 0.5 0.1902 0.3332
393 0.4909 0.1949 0.3295
394 0.4879 0.188 0.338
395 0.4879 0.1982 0.329
396 0.4875 0.1887 0.3422
397 0.4752 0.1952 0.3426
398 0.4946 0.1947 0.3304
399 0.493 0.1889 0.3327
400 0.4875 0.1925 0.3366
401 0.4988 0.1893 0.3433
402 0.4979 0.1916 0.3352
403 0.4912 0.1979 0.337
404 0.4898 0.1914 0.3402
405 0.4883 0.1912 0.3321
406 0.4926 0.1964 0.3407
407 0.6484 0.2146 0.4079
408 0.5069 0.2 0.3351
409 0.4897 0.2042 0.3316
410 0.496 0.1918 0.3431
411 0.4988 0.1883 0.34
412 0.4917 0.1951 0.3399
413 0.485 0.1913 0.3345
414 0.4878 0.1869 0.3357
415 0.4913 0.1871 0.3314
416 0.4908 0.1933 0.3181
417 0.4932 0.1987 0.3319
418 0.4954 0.1977 0.3455
419 0.5001 0.1921 0.3402
420 0.4844 0.1936 0.3355
421 0.4892 0.2032 0.3378
422 0.496 0.1958 0.3374
423 0.5058 0.1917 0.3371
424 0.495 0.1977 0.3377
425 0.5019 0.2011 0.3401
426 0.5497 0.2587 0.3532
427 0.5381 0.2119 0.3686
428 0.5085 0.195 0.3427
429 0.5102 0.1893 0.3379
430 0.5153 0.203 0.3274
431 0.5046 0.1993 0.3461
432 0.4921 0.2031 0.3425
433 0.5072 0.1912 0.3446
434 0.504 0.2035 0.338
435 0.5054 0.1967 0.3373
436 0.5038 0.2019 0.3394
437 0.5054 0.202 0.3403
438 0.5022 0.1961 0.3471
439 0.499 0.1991 0.3438
440 0.5123 0.1944 0.3359
441 0.5101 0.2054 0.3395
442 0.5103 0.2025 0.3448
443 0.5103 0.2008 0.3467
444 0.5205 0.2023 0.367
445 0.5334 0.197 0.3379
446 0.5222 0.1997 0.3367
447 0.5209 0.2004 0.3437
448 0.5214 0.1965 0.352
449 0.6865 0.2134 0.4012
450 0.5579 0.2401 0.3616
451 0.6009 0.2127 0.3927
452 0.6009 0.2214 0.3799
453 0.603 0.2151 0.3809
454 0.6787 0.2302 0.4163
455 0.5996 0.2181 0.3966
456 0.597 0.2137 0.396
457 0.6153 0.2266 0.4033
458 0.5875 0.2129 0.3881
459 0.5791 0.2107 0.378
460 0.6037 0.2207 0.3902
461 0.5911 0.2055 0.3843
462 0.5918 0.2196 0.3844
463 0.5709 0.2132 0.3685
464 0.5201 0.1982 0.3469
465 0.5333 0.1935 0.3493
466 0.5267 0.1975 0.349
467 0.537 0.2042 0.3376
468 0.5237 0.2033 0.3461
469 0.5442 0.1971 0.3409
470 0.5335 0.2014 0.3447
471 0.5225 0.2028 0.3467
472 0.5213 0.2009 0.3572
473 0.5167 0.2028 0.3533
474 0.5244 0.1974 0.3578
475 0.5271 0.1946 0.3456
476 0.5342 0.1933 0.3494
477 0.5204 0.2052 0.346
478 0.5253 0.2035 0.3477
479 0.5305 0.2045 0.3376
480 0.5468 0.2065 0.339
481 0.5298 0.2064 0.3438
482 0.5355 0.1948 0.3462
483 0.5255 0.2037 0.3542
484 0.5303 0.204 0.351
485 0.5782 0.2165 0.3693
486 0.539 0.2046 0.3466
487 0.7063 0.2223 0.4233
488 0.5477 0.2053 0.3473
489 0.5378 0.2022 0.3502
490 0.5431 0.2056 0.3507
491 0.5431 0.2042 0.3463
492 0.5553 0.197 0.3519
493 0.5423 0.2004 0.3484
494 0.5428 0.1983 0.3488
495 0.5432 0.2032 0.3462
496 0.5457 0.2084 0.3455
497 0.5365 0.2032 0.3423
498 0.5381 0.2028 0.3506
499 0.5369 0.2055 0.351
500 0.5492 0.2057 0.3527
501 0.5399 0.2046 0.3461
502 0.5411 0.2129 0.3397
503 0.5621 0.2141 0.3572
504 0.5462 0.2024 0.3473
505 0.5373 0.2044 0.3499
506 0.5391 0.1954 0.3596
507 0.5305 0.2099 0.3467
508 0.5386 0.2021 0.3516
509 0.5345 0.2104 0.3438
510 0.537 0.2008 0.3524
511 0.5512 0.2094 0.354
512 0.5425 0.201 0.3496
513 0.539 0.2029 0.3513
514 0.5379 0.2024 0.3564
515 0.5457 0.2012 0.3483
516 0.5468 0.2104 0.3477
517 0.5491 0.1979 0.3524
518 0.5385 0.2024 0.3534
519 0.5353 0.2077 0.3536
520 0.5425 0.2027 0.3489
521 0.5418 0.2061 0.3511
522 0.5511 0.2022 0.3484
523 0.5409 0.2007 0.3505
524 0.537 0.2051 0.3626
525 0.5513 0.2132 0.3442
526 0.7308 0.2142 0.4113
527 0.5733 0.2022 0.3609
528 0.5493 0.2044 0.3526
529 0.5463 0.1988 0.3547
530 0.5387 0.206 0.3565
531 0.5542 0.2034 0.3473
532 0.5369 0.2126 0.3579
533 0.535 0.2051 0.3535
534 0.5349 0.2013 0.3579
535 0.5351 0.2026 0.3607
536 0.5385 0.203 0.3548
537 0.5404 0.2038 0.349
538 0.5451 0.1991 0.3584
539 0.5453 0.2007 0.3579
540 0.5459 0.2076 0.3544
541 0.5447 0.2062 0.3494
542 0.5406 0.2035 0.3562
543 0.5402 0.204 0.3591
544 0.5571 0.2057 0.3491
545 0.5441 0.2134 0.3505
546 0.5962 0.2131 0.3833
547 0.7071 0.2632 0.4428
548 0.5454 0.2028 0.3546
549 0.5484 0.2016 0.3526
550 0.5517 0.2025 0.3548
551 0.5504 0.2051 0.3467
552 0.5494 0.2132 0.3531
553 0.5592 0.1995 0.3539
554 0.5582 0.2072 0.3485
555 0.5516 0.2098 0.3507
556 0.5531 0.2049 0.3573
557 0.5477 0.2095 0.3467
558 0.5952 0.2166 0.3705
559 0.5977 0.2192 0.3776
560 0.8941 0.2966 0.5769
561 0.6624 0.2345 0.4234
562 0.5429 0.2054 0.3581
563 0.5501 0.2081 0.3545
564 0.7242 0.2271 0.4
565 0.5618 0.2165 0.3532
566 0.5454 0.2056 0.3603
567 0.536 0.2054 0.356
568 0.5439 0.2071 0.3505
569 0.5394 0.2067 0.3624
570 0.5472 0.2048 0.3649
571 0.5477 0.2076 0.3585
572 0.5526 0.2112 0.3478
573 0.5538 0.2069 0.361
574 0.5349 0.207 0.361
575 0.5438 0.2112 0.3581
576 0.5441 0.2015 0.3685
577 0.5419 0.2109 0.359
578 0.546 0.2142 0.3563
579 0.5299 0.2091 0.3599
580 0.5438 0.2102 0.3552
581 0.5361 0.2091 0.3624
582 0.5368 0.2078 0.359
583 0.5248 0.2115 0.3642
584 0.5416 0.2074 0.3566
585 0.5467 0.2104 0.3519
586 0.5399 0.206 0.3542
587 0.5286 0.2142 0.3594
588 0.5353 0.2069 0.3579
589 0.5315 0.2124 0.3576
590 0.5309 0.2075 0.3578
591 0.5367 0.2122 0.3577
592 0.5257 0.2108 0.3528
593 0.5387 0.2115 0.349
594 0.5409 0.2102 0.3586
595 0.5403 0.2065 0.3574
596 0.5481 0.2088 0.3562
597 0.5413 0.2034 0.3547
598 0.5405 0.2068 0.351
599 0.5441 0.2125 0.3526
600 0.531 0.2147 0.3619
601 0.5517 0.2155 0.3627
602 0.6236 0.212 0.4035
603 0.6867 0.2152 0.4065
604 0.5455 0.2012 0.3697
605 0.5351 0.2143 0.3669
606 0.5354 0.2121 0.359
607 0.54 0.2101 0.3542
608 0.5332 0.2062 0.3669
609 0.5324 0.2116 0.3632
610 0.5334 0.208 0.3632
611 0.5215 0.2163 0.3512
612 0.5206 0.2101 0.3586
613 0.5216 0.2085 0.3641
614 0.5247 0.2063 0.3606
615 0.5381 0.2178 0.3754
616 0.5049 0.2109 0.3593
617 0.5162 0.2164 0.3571
618 0.5187 0.2134 0.3596
619 0.5114 0.2052 0.3721
620 0.5038 0.2067 0.365
621 0.5187 0.2152 0.3596
622 0.5189 0.215 0.3535
623 0.5161 0.2106 0.3605
624 0.515 0.2067 0.3685
625 0.5112 0.2068 0.3632
626 0.5155 0.2086 0.3608
627 0.5211 0.2047 0.3572
628 0.5223 0.2058 0.3675
629 0.5265 0.2103 0.355
630 0.5233 0.2146 0.3592
631 0.5215 0.216 0.3594
632 0.53 0.2142 0.3571
633 0.5221 0.2116 0.3649
634 0.5304 0.2087 0.3641
635 0.5267 0.2111 0.3575
636 0.5231 0.2147 0.3607
637 0.5207 0.2113 0.3623
638 0.5663 0.2218 0.3906
639 0.5234 0.2152 0.3587
640 0.5233 0.2115 0.3678
641 0.6189 0.2274 0.3922
642 0.662 0.2276 0.3986
643 0.5361 0.2109 0.3741
644 0.5319 0.2108 0.3532
645 0.5278 0.2121 0.3599
646 0.527 0.2119 0.36
647 0.5253 0.2095 0.363
648 0.5251 0.2065 0.3644
649 0.5234 0.2111 0.3686
650 0.5279 0.2153 0.3686
651 0.5206 0.208 0.3627
652 0.5186 0.2147 0.36
653 0.5101 0.2108 0.3716
654 0.5226 0.2143 0.3625
655 0.5248 0.214 0.365
656 0.5254 0.2116 0.3655
657 0.5222 0.2059 0.3646
658 0.5153 0.2113 0.3687
659 0.5185 0.206 0.3656
660 0.5234 0.2144 0.3677
661 0.5942 0.2351 0.3873
662 0.5214 0.2113 0.364
663 0.5184 0.2126 0.3605
664 0.5204 0.2107 0.3611
665 0.5167 0.2125 0.3655
666 0.5152 0.2105 0.3647
667 0.5212 0.2138 0.3632
668 0.5175 0.2093 0.3635
669 0.5182 0.2086 0.369
670 0.5185 0.2056 0.3718
671 0.5235 0.2088 0.3689
672 0.5221 0.2167 0.3568
673 0.5309 0.2092 0.3668
674 0.5281 0.2148 0.3551
675 0.534 0.2111 0.3645
676 0.5293 0.2092 0.3687
677 0.5294 0.2124 0.355
678 0.5279 0.2084 0.3704
679 0.5196 0.2161 0.3583
680 0.5288 0.2096 0.3691
681 0.534 0.2125 0.3778
682 0.6243 0.2273 0.3859
683 0.545 0.2107 0.3758
684 0.5289 0.2132 0.3646
685 0.5299 0.2101 0.3612
686 0.5238 0.2126 0.3743
687 0.5292 0.2164 0.3639
688 0.5327 0.2173 0.3533
689 0.5254 0.2144 0.3625
690 0.5421 0.2118 0.3719
691 0.5811 0.2257 0.3858
692 0.6283 0.2341 0.4163
693 0.5609 0.222 0.3773
694 0.5204 0.2162 0.3708
695 0.534 0.2101 0.3587
696 0.534 0.2135 0.3571
697 0.5273 0.2181 0.3586
698 0.5393 0.2148 0.3641
699 0.5246 0.2098 0.3651
700 0.5262 0.2161 0.3605
701 0.5307 0.2121 0.3553
702 0.5284 0.2133 0.3566
703 0.5183 0.2133 0.3701
704 0.5275 0.2084 0.3646
705 0.5235 0.2169 0.3588
706 0.5226 0.2137 0.3574
707 0.5259 0.2175 0.3527
708 0.5279 0.2104 0.3567
709 0.5283 0.2154 0.3613
710 0.5301 0.2143 0.362
711 0.5261 0.2112 0.3636
712 0.5249 0.2132 0.36
713 0.5296 0.2091 0.3596
714 0.5207 0.2119 0.367
715 0.5928 0.2257 0.3862
716 0.5398 0.2091 0.3583
717 0.5393 0.2169 0.3585
718 0.5423 0.2193 0.3694
719 0.5346 0.2131 0.3729
720 0.5524 0.2153 0.3675
721 0.6921 0.2333 0.419
722 0.5813 0.2257 0.3917
723 0.5343 0.217 0.3762
724 0.5416 0.2205 0.3689
725 0.5358 0.2175 0.3742
726 0.5345 0.2231 0.3698
727 0.5381 0.2115 0.3731
728 0.5599 0.2304 0.3733
729 0.5474 0.2208 0.371
730 0.5407 0.2182 0.3707
731 0.5457 0.2185 0.3628
732 0.5468 0.2157 0.3709
733 0.5425 0.2144 0.3653
734 0.5441 0.2161 0.3792
735 0.5554 0.2194 0.37
736 0.5498 0.2166 0.371
737 0.5458 0.2197 0.3644
738 0.5463 0.2221 0.3738
739 0.5528 0.2146 0.3702
740 0.547 0.218 0.3702
741 0.5473 0.2182 0.3657
742 0.5466 0.2085 0.3775
743 0.5493 0.2183 0.3759
744 0.549 0.2189 0.3666
745 0.5539 0.2134 0.3748
746 0.5491 0.2209 0.3637
747 0.5459 0.2208 0.361
748 0.5498 0.2145 0.3775
749 0.5478 0.2167 0.3688
750 0.5451 0.2177 0.3713
751 0.5406 0.2142 0.3679
752 0.5506 0.2175 0.3673
753 0.5467 0.2179 0.3691
754 0.5485 0.2156 0.368
755 0.5476 0.2156 0.3693
756 0.5392 0.2206 0.3681
757 0.5359 0.214 0.3706
758 0.5417 0.2186 0.3731
759 0.5769 0.2181 0.3833
760 0.7246 0.2264 0.4199
761 0.5522 0.2188 0.3717
762 0.5419 0.2173 0.3668
763 0.5279 0.2109 0.3694
764 0.5442 0.2197 0.3734
765 0.5431 0.2208 0.3692
766 0.5343 0.2152 0.3747
767 0.5438 0.2142 0.3664
768 0.5489 0.2211 0.3589
769 0.5413 0.2131 0.368
770 0.5453 0.2121 0.3657
771 0.5461 0.2204 0.3705
772 0.5447 0.2196 0.3659
773 0.5595 0.2215 0.3679
774 0.5477 0.2179 0.3607
775 0.548 0.2204 0.3666
776 0.5569 0.2224 0.3723
777 0.5493 0.2199 0.3661
778 0.5386 0.2243 0.3731
779 0.545 0.2213 0.3678
780 0.549 0.22 0.3734
781 0.5542 0.218 0.3661
782 0.5442 0.2182 0.3669
783 0.5415 0.217 0.3759
784 0.5461 0.2192 0.3633
785 0.5863 0.239 0.4179
786 0.5469 0.2268 0.3729
787 0.5385 0.2103 0.3751
788 0.5461 0.2182 0.3642
789 0.5476 0.2191 0.3691
790 0.605 0.2293 0.389
791 0.5461 0.2153 0.3677
792 0.5428 0.2195 0.3663
793 0.5417 0.2179 0.3658
794 0.5605 0.2209 0.3822
795 0.5385 0.2173 0.3777
796 0.5377 0.2177 0.3717
797 0.5439 0.2195 0.3681
798 0.5701 0.2235 0.3788
799 0.6939 0.2274 0.4302
800 0.5453 0.2236 0.3643
801 0.5398 0.2252 0.37
802 0.5422 0.222 0.3699
803 0.5389 0.2128 0.3673
804 0.5499 0.2211 0.3686
805 0.5466 0.2168 0.3667
806 0.5419 0.218 0.3635
807 0.5474 0.212 0.3711
808 0.5416 0.2258 0.3717
809 0.5325 0.2184 0.3733
810 0.5375 0.2189 0.3754
811 0.5421 0.2191 0.3789
812 0.5424 0.2157 0.3726
813 0.5402 0.2189 0.3702
814 0.545 0.2165 0.3741
815 0.5427 0.219 0.3743
816 0.539 0.2257 0.3761
817 0.5441 0.215 0.377
818 0.5455 0.2231 0.3757
819 0.5453 0.2183 0.3759
820 0.5579 0.2192 0.3706
821 0.5528 0.2165 0.3677
822 0.5468 0.2478 0.3715
823 0.5517 0.2207 0.3672
824 0.5406 0.2158 0.3745
825 0.5436 0.2227 0.3721
826 0.5531 0.227 0.3689
827 0.5496 0.219 0.3702
828 0.5391 0.2179 0.3744
829 0.5475 0.2223 0.3752
830 0.5491 0.2156 0.3734
831 0.5382 0.2256 0.3698
832 0.5527 0.2168 0.3778
833 0.5477 0.2238 0.3679
834 0.5509 0.2249 0.3675
835 0.547 0.2149 0.3744
836 0.5522 0.2207 0.3753
837 0.7202 0.2381 0.424
838 0.5648 0.2223 0.376
839 0.5438 0.2185 0.3781
840 0.5474 0.2212 0.374
841 0.5433 0.2253 0.3668
842 0.5452 0.2214 0.3746
843 0.5487 0.2163 0.37
844 0.5448 0.2174 0.3698
845 0.5463 0.2165 0.3692
846 0.562 0.2155 0.3711
847 0.5492 0.2196 0.3697
848 0.5515 0.2226 0.3752
849 0.5385 0.2235 0.37
850 0.5474 0.2172 0.3718
851 0.5463 0.222 0.3627
852 0.5461 0.2209 0.3654
853 0.5519 0.2179 0.3664
854 0.5447 0.2201 0.3687
855 0.5469 0.2196 0.3689
856 0.5497 0.2199 0.3756
857 0.5473 0.2225 0.3824
858 0.5552 0.2134 0.3761
859 0.5514 0.2153 0.3728
860 0.5511 0.2226 0.3715
861 0.5516 0.2228 0.3778
862 0.5437 0.2219 0.3816
863 0.5508 0.2245 0.3696
864 0.5425 0.217 0.375
865 0.595 0.2311 0.405
866 0.5536 0.2239 0.385
867 0.5506 0.2183 0.3731
868 0.5463 0.2249 0.3712
869 0.5378 0.2203 0.3702
870 0.5461 0.2177 0.3679
871 0.5423 0.2197 0.3686
872 0.5515 0.2233 0.3701
873 0.5432 0.2226 0.3717
874 0.5554 0.2202 0.369
875 0.7263 0.2275 0.4295
876 0.5515 0.2186 0.3751
877 0.5545 0.219 0.3691
878 0.5512 0.222 0.3649
879 0.5535 0.2265 0.3698
880 0.5532 0.2264 0.3596
881 0.5436 0.2164 0.3701
882 0.5611 0.2225 0.3789
883 0.5445 0.214 0.3789
884 0.5377 0.2153 0.3647
885 0.5451 0.2172 0.3648
886 0.5475 0.2218 0.3698
887 0.5446 0.2191 0.3726
888 0.5804 0.234 0.3868
889 0.5456 0.219 0.3718
890 0.5486 0.2192 0.3771
891 0.5517 0.2249 0.364
892 0.5468 0.2195 0.3683
893 0.5419 0.221 0.3727
894 0.5423 0.2229 0.3742
895 0.5451 0.2241 0.3741
896 0.5338 0.2176 0.3741
897 0.5463 0.2186 0.374
898 0.5366 0.2175 0.375
899 0.5352 0.2224 0.3696
900 0.5408 0.2208 0.3741
901 0.5393 0.2225 0.3673
902 0.5289 0.2255 0.3752
903 0.54 0.2229 0.3715
904 0.5525 0.2233 0.3813
905 0.5296 0.2188 0.3701
906 0.5319 0.2222 0.3736
907 0.5376 0.2225 0.3707
908 0.5245 0.2127 0.3666
909 0.5252 0.2138 0.3591
910 0.527 0.2144 0.3601
911 0.5331 0.214 0.3569
912 0.5304 0.2161 0.3625
913 0.553 0.2164 0.3699
914 0.6488 0.222 0.4009
915 0.5334 0.2165 0.3624
916 0.5321 0.2139 0.3619
917 0.5255 0.2131 0.3568
918 0.523 0.2113 0.3625
919 0.5259 0.2099 0.3641
920 0.5293 0.2153 0.3617
921 0.5291 0.2116 0.3627
922 0.5364 0.2096 0.3542
923 0.5367 0.2162 0.3606
924 0.5275 0.2159 0.3628
925 0.519 0.2094 0.3672
926 0.5263 0.2137 0.3612
927 0.532 0.2127 0.3532
928 0.5199 0.2176 0.3587
929 0.5256 0.2154 0.3629
930 0.5252 0.216 0.3609
931 0.5268 0.2123 0.365
932 0.5247 0.2159 0.3597
933 0.5394 0.2164 0.3583
934 0.5296 0.2146 0.3593
935 0.5286 0.2177 0.3603
936 0.525 0.2179 0.3661
937 0.5184 0.215 0.3598
938 0.5315 0.2181 0.3704
939 0.52 0.2163 0.3641
940 0.5796 0.2275 0.3921
941 0.5279 0.2129 0.3575
942 0.5271 0.2165 0.3644
943 0.5245 0.2124 0.3643
944 0.528 0.2168 0.3594
945 0.533 0.2134 0.3594
946 0.5179 0.2177 0.3627
947 0.5263 0.2098 0.3597
948 0.5339 0.2186 0.3678
949 0.5479 0.2182 0.3715
950 0.5412 0.2159 0.3683
951 0.5437 0.2101 0.3609
952 0.5607 0.2223 0.3758
953 0.7307 0.2278 0.4149
954 0.5447 0.2122 0.3592
955 0.55 0.212 0.3622
956 0.5372 0.2142 0.3647
957 0.5355 0.2185 0.3533
958 0.5342 0.2202 0.3529
959 0.5355 0.2133 0.3596
960 0.5389 0.2155 0.3575
961 0.5692 0.2118 0.3727
962 0.5413 0.2149 0.3713
963 0.5259 0.2181 0.359
964 0.5354 0.2152 0.3542
965 0.5346 0.2131 0.3633
966 0.5414 0.2154 0.3569
967 0.5408 0.2169 0.3655
968 0.53 0.2187 0.3614
969 0.5368 0.2119 0.3649
970 0.5324 0.2125 0.3599
971 0.533 0.2176 0.3709
972 0.532 0.2156 0.3659
973 0.539 0.2148 0.3605
974 0.5402 0.2142 0.3555
975 0.5273 0.2132 0.3578
976 0.5337 0.2162 0.3641
977 0.5371 0.2131 0.3597
978 0.5391 0.2123 0.3644
979 0.53 0.2184 0.3523
980 0.5335 0.2163 0.3591
981 0.5329 0.2121 0.3743
982 0.5331 0.214 0.3685
983 0.539 0.2153 0.3656
984 0.5322 0.219 0.3614
985 0.5361 0.2117 0.3659
986 0.5497 0.2175 0.3691
987 0.5425 0.2174 0.3779
988 0.5495 0.2247 0.3783
989 0.5446 0.2311 0.3726
990 0.5655 0.2224 0.3745
991 0.7476 0.2531 0.4374
992 0.5517 0.2224 0.3792
993 0.5466 0.2245 0.3707
994 0.5462 0.2264 0.3865
995 0.5579 0.2236 0.3835
996 0.5455 0.227 0.3709
997 0.5525 0.2247 0.3722
998 0.5426 0.2188 0.3759
999 0.5508 0.2228 0.3792
